[gd_scene load_steps=19 format=3 uid="uid://dr0ytgjthjbsx"]

[ext_resource type="PackedScene" uid="uid://clcwdr5begw0g" path="res://_scenes/main.tscn" id="2_3drmh"]
[ext_resource type="PackedScene" uid="uid://cqhe3y3sj4vb3" path="res://_scenes/player.tscn" id="4_2xjta"]
[ext_resource type="PackedScene" uid="uid://bwr26kclpyg6b" path="res://_scenes/buddy.tscn" id="9_428cj"]
[ext_resource type="PackedScene" uid="uid://cw3xgyijrvuub" path="res://_scenes/enemy_types/imps/imp_berserker.tscn" id="10_aeud2"]
[ext_resource type="Material" uid="uid://d58p32hgp45d" path="res://_materials/gr.tres" id="11_xwy4t"]
[ext_resource type="FontVariation" uid="uid://cwxu07t5jip7t" path="res://_resources/fonts/font_health_overhead.tres" id="12_ihlwy"]
[ext_resource type="Script" path="res://_scripts/UI/game_label_kills.gd" id="13_aid0c"]
[ext_resource type="PackedScene" uid="uid://bc15gesn8lubs" path="res://addons/thumbstick_plugin/plugin/joysticks/normal_joystick.tscn" id="14_wgw40"]

[sub_resource type="PhysicsMaterial" id="PhysicsMaterial_w3p0d"]
friction = 0.15
bounce = 0.15

[sub_resource type="BoxShape3D" id="BoxShape3D_ytlyv"]
resource_local_to_scene = true
size = Vector3(256, 10, 256)

[sub_resource type="NavigationMesh" id="NavigationMesh_flfm5"]
vertices = PackedVector3Array(-127.5, 4, -127.5, -127.5, 4, 127.5, 127.5, 4, 127.5, 127.5, 4, -127.5)
polygons = [PackedInt32Array(3, 2, 0), PackedInt32Array(0, 2, 1)]
sample_partition_type = 1
geometry_source_geometry_mode = 2
geometry_source_group_name = &"nav"
cell_size = 0.5
cell_height = 2.0

[sub_resource type="PlaneMesh" id="PlaneMesh_caqoe"]
size = Vector2(256, 256)
subdivide_width = 64
subdivide_depth = 64

[sub_resource type="StyleBoxFlat" id="StyleBoxFlat_feyws"]
bg_color = Color(0.415638, 0.131704, 0.264798, 1)
border_width_top = 54
border_color = Color(0.260123, 0.481062, 0.658436, 1)
corner_radius_bottom_right = 3
corner_radius_bottom_left = 11
corner_detail = 3
shadow_color = Color(0.055, 0.1375, 0.22, 0.415686)
shadow_size = 1
shadow_offset = Vector2(5.761, 5.085)

[sub_resource type="CanvasItemMaterial" id="CanvasItemMaterial_7s0d6"]
light_mode = 1

[sub_resource type="SystemFont" id="SystemFont_0ls1l"]
font_names = PackedStringArray("Squada One", "Suez One", "MV Boli", "Bungee", "Fantasy", "Bowlby One SC", "Luckiest Guy", "Lilita One", "Poppins", "Bowlby One SC", "Titan One")
generate_mipmaps = true
allow_system_fallback = false
subpixel_positioning = 0

[sub_resource type="FontVariation" id="FontVariation_oh2c4"]
base_font = SubResource("SystemFont_0ls1l")
spacing_glyph = -1
spacing_space = 12

[sub_resource type="LabelSettings" id="LabelSettings_vkafs"]
font = SubResource("FontVariation_oh2c4")
font_size = 80
font_color = Color(0.773438, 0.480165, 0.24472, 1)
outline_color = Color(0.25, 0, 0, 0)
shadow_size = 0
shadow_color = Color(0, 0.096, 0.32, 0)

[sub_resource type="LabelSettings" id="LabelSettings_uetrx"]
font = ExtResource("12_ihlwy")
font_size = 135
font_color = Color(0.796463, 0.81893, 0.549323, 1)
outline_size = 4
outline_color = Color(0.53, 0.1113, 0.1113, 0)
shadow_size = 0
shadow_color = Color(0.00569999, 0.0732767, 0.19, 0.490196)
shadow_offset = Vector2(9, 7)

[node name="GameRoot" type="Node3D"]

[node name="Main" parent="." instance=ExtResource("2_3drmh")]

[node name="Buddy" parent="Main" instance=ExtResource("9_428cj")]
transform = Transform3D(1, 0, 0, 0, 1, 0, 0, 0, 1, 0, 2, 0)

[node name="Player" parent="Main" instance=ExtResource("4_2xjta")]

[node name="enemies" type="Node3D" parent="Main"]

[node name="Enemy" parent="Main/enemies" instance=ExtResource("10_aeud2")]
transform = Transform3D(1, 0, 0, 0, 1, 0, 0, 0, 1, 29.6224, 1.322, 8.85468)
axis_lock_linear_y = true
death_effect_scene = null
death_effect_duration = 2.0
berserk_chance = 0.25
berserk_speed_multiplier = 2.0
wobble_damping = 0.98

[node name="Enemy6" parent="Main/enemies" instance=ExtResource("10_aeud2")]
transform = Transform3D(1, 0, 0, 0, 1, 0, 0, 0, 1, 25.6227, 1.322, 6.20718)
axis_lock_linear_y = true
death_effect_scene = null
death_effect_duration = 2.0
berserk_chance = 0.25
berserk_speed_multiplier = 2.0
wobble_damping = 0.98

[node name="Enemy10" parent="Main/enemies" instance=ExtResource("10_aeud2")]
transform = Transform3D(1, 0, 0, 0, 1, 0, 0, 0, 1, 37.6109, 1.322, 13.6775)
axis_lock_linear_y = true
death_effect_scene = null
death_effect_duration = 2.0
berserk_chance = 0.25
berserk_speed_multiplier = 2.0
wobble_damping = 0.98

[node name="Enemy9" parent="Main/enemies" instance=ExtResource("10_aeud2")]
transform = Transform3D(1, 0, 0, 0, 1, 0, 0, 0, 1, 45.3304, 1.322, 10.2708)
axis_lock_linear_y = true
death_effect_scene = null
death_effect_duration = 2.0
berserk_chance = 0.25
berserk_speed_multiplier = 2.0
wobble_damping = 0.98

[node name="Enemy2" parent="Main/enemies" instance=ExtResource("10_aeud2")]
transform = Transform3D(1, 0, 0, 0, 1, 0, 0, 0, 1, 42.6832, 1.322, -3.13407)
axis_lock_linear_y = true
death_effect_scene = null
death_effect_duration = 2.0
berserk_chance = 0.25
berserk_speed_multiplier = 2.0
wobble_damping = 0.98

[node name="Enemy11" parent="Main/enemies" instance=ExtResource("10_aeud2")]
transform = Transform3D(1, 0, 0, 0, 1, 0, 0, 0, 1, -45.4655, 1.322, -3.40748)
axis_lock_linear_y = true
death_effect_scene = null
death_effect_duration = 2.0
berserk_chance = 0.25
berserk_speed_multiplier = 2.0
wobble_damping = 0.98

[node name="Enemy13" parent="Main/enemies" instance=ExtResource("10_aeud2")]
transform = Transform3D(1, 0, 0, 0, 1, 0, 0, 0, 1, -50.5869, 1.322, -0.150534)
axis_lock_linear_y = true
death_effect_scene = null
death_effect_duration = 2.0
berserk_chance = 0.25
berserk_speed_multiplier = 2.0
wobble_damping = 0.98

[node name="Enemy15" parent="Main/enemies" instance=ExtResource("10_aeud2")]
transform = Transform3D(1, 0, 0, 0, 1, 0, 0, 0, 1, -31.8322, 1.322, -7.80637)
axis_lock_linear_y = true
death_effect_scene = null
death_effect_duration = 2.0
berserk_chance = 0.25
berserk_speed_multiplier = 2.0
wobble_damping = 0.98

[node name="Enemy17" parent="Main/enemies" instance=ExtResource("10_aeud2")]
transform = Transform3D(1, 0, 0, 0, 1, 0, 0, 0, 1, -37.4769, 1.322, 1.41533)
axis_lock_linear_y = true
death_effect_scene = null
death_effect_duration = 2.0
berserk_chance = 0.25
berserk_speed_multiplier = 2.0
wobble_damping = 0.98

[node name="Enemy18" parent="Main/enemies" instance=ExtResource("10_aeud2")]
transform = Transform3D(1, 0, 0, 0, 1, 0, 0, 0, 1, -29.7575, 1.322, -1.99138)
axis_lock_linear_y = true
death_effect_scene = null
death_effect_duration = 2.0
berserk_chance = 0.25
berserk_speed_multiplier = 2.0
wobble_damping = 0.98

[node name="Enemy20" parent="Main/enemies" instance=ExtResource("10_aeud2")]
transform = Transform3D(1, 0, 0, 0, 1, 0, 0, 0, 1, -16.602, 1.322, -12.9316)
axis_lock_linear_y = true
death_effect_scene = null
death_effect_duration = 2.0
berserk_chance = 0.25
berserk_speed_multiplier = 2.0
wobble_damping = 0.98

[node name="Enemy22" parent="Main/enemies" instance=ExtResource("10_aeud2")]
transform = Transform3D(1, 0, 0, 0, 1, 0, 0, 0, 1, 7.52877, 1.322, -26.8648)
axis_lock_linear_y = true
death_effect_scene = null
death_effect_duration = 2.0
berserk_chance = 0.25
berserk_speed_multiplier = 2.0
wobble_damping = 0.98

[node name="Enemy24" parent="Main/enemies" instance=ExtResource("10_aeud2")]
transform = Transform3D(1, 0, 0, 0, 1, 0, 0, 0, 1, 13.4925, 1.322, -29.067)
axis_lock_linear_y = true
death_effect_scene = null
death_effect_duration = 2.0
berserk_chance = 0.25
berserk_speed_multiplier = 2.0
wobble_damping = 0.98

[node name="Enemy26" parent="Main/enemies" instance=ExtResource("10_aeud2")]
transform = Transform3D(1, 0, 0, 0, 1, 0, 0, 0, 1, 22.2477, 1.322, -34.1251)
axis_lock_linear_y = true
death_effect_scene = null
death_effect_duration = 2.0
berserk_chance = 0.25
berserk_speed_multiplier = 2.0
wobble_damping = 0.98

[node name="Enemy27" parent="Main/enemies" instance=ExtResource("10_aeud2")]
transform = Transform3D(1, 0, 0, 0, 1, 0, 0, 0, 1, 25.4807, 1.322, -21.5967)
axis_lock_linear_y = true
death_effect_scene = null
death_effect_duration = 2.0
berserk_chance = 0.25
berserk_speed_multiplier = 2.0
wobble_damping = 0.98

[node name="Enemy29" parent="Main/enemies" instance=ExtResource("10_aeud2")]
transform = Transform3D(1, 0, 0, 0, 1, 0, 0, 0, 1, 30.553, 1.322, -38.4082)
axis_lock_linear_y = true
death_effect_scene = null
death_effect_duration = 2.0
berserk_chance = 0.25
berserk_speed_multiplier = 2.0
wobble_damping = 0.98

[node name="Enemy30" parent="Main/enemies" instance=ExtResource("10_aeud2")]
transform = Transform3D(1, 0, 0, 0, 1, 0, 0, 0, 1, 46.3556, 1.322, -35.9436)
axis_lock_linear_y = true
death_effect_scene = null
death_effect_duration = 2.0
berserk_chance = 0.25
berserk_speed_multiplier = 2.0
wobble_damping = 0.98

[node name="Enemy3" parent="Main/enemies" instance=ExtResource("10_aeud2")]
transform = Transform3D(-0.428352, 0, -0.903612, 0, 1, 0, 0.903612, 0, -0.428352, -41.7523, 1.322, 19.3915)
axis_lock_linear_y = true
death_effect_scene = null
death_effect_duration = 2.0
berserk_chance = 0.25
berserk_speed_multiplier = 2.0
wobble_damping = 0.98

[node name="Enemy7" parent="Main/enemies" instance=ExtResource("10_aeud2")]
transform = Transform3D(-0.428352, 0, -0.903612, 0, 1, 0, 0.903612, 0, -0.428352, -37.6467, 1.322, 16.9114)
axis_lock_linear_y = true
death_effect_scene = null
death_effect_duration = 2.0
berserk_chance = 0.25
berserk_speed_multiplier = 2.0
wobble_damping = 0.98

[node name="Enemy12" parent="Main/enemies" instance=ExtResource("10_aeud2")]
transform = Transform3D(-0.428352, 0, -0.903612, 0, 1, 0, 0.903612, 0, -0.428352, -49.5321, 1.322, 24.5442)
axis_lock_linear_y = true
death_effect_scene = null
death_effect_duration = 2.0
berserk_chance = 0.25
berserk_speed_multiplier = 2.0
wobble_damping = 0.98

[node name="Enemy14" parent="Main/enemies" instance=ExtResource("10_aeud2")]
transform = Transform3D(-0.428352, 0, -0.903612, 0, 1, 0, 0.903612, 0, -0.428352, -49.7604, 1.322, 32.9789)
axis_lock_linear_y = true
death_effect_scene = null
death_effect_duration = 2.0
berserk_chance = 0.25
berserk_speed_multiplier = 2.0
wobble_damping = 0.98

[node name="Enemy4" parent="Main/enemies" instance=ExtResource("10_aeud2")]
transform = Transform3D(-0.428352, 0, -0.903612, 0, 1, 0, 0.903612, 0, -0.428352, -36.5137, 1.322, 36.3288)
axis_lock_linear_y = true
death_effect_scene = null
death_effect_duration = 2.0
berserk_chance = 0.25
berserk_speed_multiplier = 2.0
wobble_damping = 0.98

[node name="Enemy16" parent="Main/enemies" instance=ExtResource("10_aeud2")]
transform = Transform3D(-0.428352, 0, -0.903612, 0, 1, 0, 0.903612, 0, -0.428352, 1.49201, 1.322, -43.2063)
axis_lock_linear_y = true
death_effect_scene = null
death_effect_duration = 2.0
berserk_chance = 0.25
berserk_speed_multiplier = 2.0
wobble_damping = 0.98

[node name="Enemy19" parent="Main/enemies" instance=ExtResource("10_aeud2")]
transform = Transform3D(-0.428352, 0, -0.903612, 0, 1, 0, 0.903612, 0, -0.428352, 0.742758, 1.322, -49.2292)
axis_lock_linear_y = true
death_effect_scene = null
death_effect_duration = 2.0
berserk_chance = 0.25
berserk_speed_multiplier = 2.0
wobble_damping = 0.98

[node name="Enemy21" parent="Main/enemies" instance=ExtResource("10_aeud2")]
transform = Transform3D(-0.428352, 0, -0.903612, 0, 1, 0, 0.903612, 0, -0.428352, -0.372942, 1.322, -29.0028)
axis_lock_linear_y = true
death_effect_scene = null
death_effect_duration = 2.0
berserk_chance = 0.25
berserk_speed_multiplier = 2.0
wobble_damping = 0.98

[node name="Enemy23" parent="Main/enemies" instance=ExtResource("10_aeud2")]
transform = Transform3D(-0.428352, 0, -0.903612, 0, 1, 0, 0.903612, 0, -0.428352, -6.28786, 1.322, -38.0536)
axis_lock_linear_y = true
death_effect_scene = null
death_effect_duration = 2.0
berserk_chance = 0.25
berserk_speed_multiplier = 2.0
wobble_damping = 0.98

[node name="Enemy25" parent="Main/enemies" instance=ExtResource("10_aeud2")]
transform = Transform3D(-0.428352, 0, -0.903612, 0, 1, 0, 0.903612, 0, -0.428352, -6.51614, 1.322, -29.6189)
axis_lock_linear_y = true
death_effect_scene = null
death_effect_duration = 2.0
berserk_chance = 0.25
berserk_speed_multiplier = 2.0
wobble_damping = 0.98

[node name="Enemy28" parent="Main/enemies" instance=ExtResource("10_aeud2")]
transform = Transform3D(-0.428352, 0, -0.903612, 0, 1, 0, 0.903612, 0, -0.428352, -2.26561, 1.322, -13.0452)
axis_lock_linear_y = true
death_effect_scene = null
death_effect_duration = 2.0
berserk_chance = 0.25
berserk_speed_multiplier = 2.0
wobble_damping = 0.98

[node name="Enemy31" parent="Main/enemies" instance=ExtResource("10_aeud2")]
transform = Transform3D(-0.428352, 0, -0.903612, 0, 1, 0, 0.903612, 0, -0.428352, -0.0118542, 1.322, 14.7279)
axis_lock_linear_y = true
death_effect_scene = null
death_effect_duration = 2.0
berserk_chance = 0.25
berserk_speed_multiplier = 2.0
wobble_damping = 0.98

[node name="Enemy32" parent="Main/enemies" instance=ExtResource("10_aeud2")]
transform = Transform3D(-0.428352, 0, -0.903612, 0, 1, 0, 0.903612, 0, -0.428352, -0.576494, 1.322, 21.0602)
axis_lock_linear_y = true
death_effect_scene = null
death_effect_duration = 2.0
berserk_chance = 0.25
berserk_speed_multiplier = 2.0
wobble_damping = 0.98

[node name="Enemy33" parent="Main/enemies" instance=ExtResource("10_aeud2")]
transform = Transform3D(-0.428352, 0, -0.903612, 0, 1, 0, 0.903612, 0, -0.428352, 0.243761, 1.322, 31.1381)
axis_lock_linear_y = true
death_effect_scene = null
death_effect_duration = 2.0
berserk_chance = 0.25
berserk_speed_multiplier = 2.0
wobble_damping = 0.98

[node name="Enemy34" parent="Main/enemies" instance=ExtResource("10_aeud2")]
transform = Transform3D(-0.428352, 0, -0.903612, 0, 1, 0, 0.903612, 0, -0.428352, -12.4619, 1.322, 28.6929)
axis_lock_linear_y = true
death_effect_scene = null
death_effect_duration = 2.0
berserk_chance = 0.25
berserk_speed_multiplier = 2.0
wobble_damping = 0.98

[node name="Enemy35" parent="Main/enemies" instance=ExtResource("10_aeud2")]
transform = Transform3D(-0.428352, 0, -0.903612, 0, 1, 0, 0.903612, 0, -0.428352, 0.556433, 1.322, 40.4776)
axis_lock_linear_y = true
death_effect_scene = null
death_effect_duration = 2.0
berserk_chance = 0.25
berserk_speed_multiplier = 2.0
wobble_damping = 0.98

[node name="Enemy36" parent="Main/enemies" instance=ExtResource("10_aeud2")]
transform = Transform3D(-0.428352, 0, -0.903612, 0, 1, 0, 0.903612, 0, -0.428352, -8.43968, 1.322, 53.7013)
axis_lock_linear_y = true
death_effect_scene = null
death_effect_duration = 2.0
berserk_chance = 0.25
berserk_speed_multiplier = 2.0
wobble_damping = 0.98

[node name="Enemy5" parent="Main/enemies" instance=ExtResource("10_aeud2")]
transform = Transform3D(-0.428352, 0, -0.903612, 0, 1, 0, 0.903612, 0, -0.428352, 23.053, 1.322, 21.8534)
axis_lock_linear_y = true
death_effect_scene = null
death_effect_duration = 2.0
berserk_chance = 0.25
berserk_speed_multiplier = 2.0
wobble_damping = 0.98

[node name="Enemy8" parent="Main/enemies" instance=ExtResource("10_aeud2")]
transform = Transform3D(-0.428352, 0, -0.903612, 0, 1, 0, 0.903612, 0, -0.428352, 27.1586, 1.322, 19.3733)
axis_lock_linear_y = true
death_effect_scene = null
death_effect_duration = 2.0
berserk_chance = 0.25
berserk_speed_multiplier = 2.0
wobble_damping = 0.98

[node name="Enemy37" parent="Main/enemies" instance=ExtResource("10_aeud2")]
transform = Transform3D(-0.428352, 0, -0.903612, 0, 1, 0, 0.903612, 0, -0.428352, 15.2732, 1.322, 27.0061)
axis_lock_linear_y = true
death_effect_scene = null
death_effect_duration = 2.0
berserk_chance = 0.25
berserk_speed_multiplier = 2.0
wobble_damping = 0.98

[node name="Enemy38" parent="Main/enemies" instance=ExtResource("10_aeud2")]
transform = Transform3D(-0.428352, 0, -0.903612, 0, 1, 0, 0.903612, 0, -0.428352, 15.0448, 1.322, 35.4408)
axis_lock_linear_y = true
death_effect_scene = null
death_effect_duration = 2.0
berserk_chance = 0.25
berserk_speed_multiplier = 2.0
wobble_damping = 0.98

[node name="Enemy39" parent="Main/enemies" instance=ExtResource("10_aeud2")]
transform = Transform3D(-0.428352, 0, -0.903612, 0, 1, 0, 0.903612, 0, -0.428352, 28.2916, 1.322, 38.7907)
axis_lock_linear_y = true
death_effect_scene = null
death_effect_duration = 2.0
berserk_chance = 0.25
berserk_speed_multiplier = 2.0
wobble_damping = 0.98

[node name="Enemy40" parent="Main/enemies" instance=ExtResource("10_aeud2")]
transform = Transform3D(-0.428352, 0, -0.903612, 0, 1, 0, 0.903612, 0, -0.428352, 66.2973, 1.322, -40.7444)
axis_lock_linear_y = true
death_effect_scene = null
death_effect_duration = 2.0
berserk_chance = 0.25
berserk_speed_multiplier = 2.0
wobble_damping = 0.98

[node name="Enemy41" parent="Main/enemies" instance=ExtResource("10_aeud2")]
transform = Transform3D(-0.428352, 0, -0.903612, 0, 1, 0, 0.903612, 0, -0.428352, 65.548, 1.322, -46.7673)
axis_lock_linear_y = true
death_effect_scene = null
death_effect_duration = 2.0
berserk_chance = 0.25
berserk_speed_multiplier = 2.0
wobble_damping = 0.98

[node name="Enemy42" parent="Main/enemies" instance=ExtResource("10_aeud2")]
transform = Transform3D(-0.428352, 0, -0.903612, 0, 1, 0, 0.903612, 0, -0.428352, 64.4323, 1.322, -26.5409)
axis_lock_linear_y = true
death_effect_scene = null
death_effect_duration = 2.0
berserk_chance = 0.25
berserk_speed_multiplier = 2.0
wobble_damping = 0.98

[node name="Enemy43" parent="Main/enemies" instance=ExtResource("10_aeud2")]
transform = Transform3D(-0.428352, 0, -0.903612, 0, 1, 0, 0.903612, 0, -0.428352, 58.5174, 1.322, -35.5916)
axis_lock_linear_y = true
death_effect_scene = null
death_effect_duration = 2.0
berserk_chance = 0.25
berserk_speed_multiplier = 2.0
wobble_damping = 0.98

[node name="Enemy44" parent="Main/enemies" instance=ExtResource("10_aeud2")]
transform = Transform3D(-0.428352, 0, -0.903612, 0, 1, 0, 0.903612, 0, -0.428352, 58.2891, 1.322, -27.157)
axis_lock_linear_y = true
death_effect_scene = null
death_effect_duration = 2.0
berserk_chance = 0.25
berserk_speed_multiplier = 2.0
wobble_damping = 0.98

[node name="Enemy45" parent="Main/enemies" instance=ExtResource("10_aeud2")]
transform = Transform3D(-0.428352, 0, -0.903612, 0, 1, 0, 0.903612, 0, -0.428352, 62.5397, 1.322, -10.5833)
axis_lock_linear_y = true
death_effect_scene = null
death_effect_duration = 2.0
berserk_chance = 0.25
berserk_speed_multiplier = 2.0
wobble_damping = 0.98

[node name="Enemy46" parent="Main/enemies" instance=ExtResource("10_aeud2")]
transform = Transform3D(-0.428352, 0, -0.903612, 0, 1, 0, 0.903612, 0, -0.428352, 64.7934, 1.322, 17.1899)
axis_lock_linear_y = true
death_effect_scene = null
death_effect_duration = 2.0
berserk_chance = 0.25
berserk_speed_multiplier = 2.0
wobble_damping = 0.98

[node name="Enemy47" parent="Main/enemies" instance=ExtResource("10_aeud2")]
transform = Transform3D(-0.428352, 0, -0.903612, 0, 1, 0, 0.903612, 0, -0.428352, 64.2288, 1.322, 23.5221)
axis_lock_linear_y = true
death_effect_scene = null
death_effect_duration = 2.0
berserk_chance = 0.25
berserk_speed_multiplier = 2.0
wobble_damping = 0.98

[node name="Enemy48" parent="Main/enemies" instance=ExtResource("10_aeud2")]
transform = Transform3D(-0.428352, 0, -0.903612, 0, 1, 0, 0.903612, 0, -0.428352, 65.049, 1.322, 33.6)
axis_lock_linear_y = true
death_effect_scene = null
death_effect_duration = 2.0
berserk_chance = 0.25
berserk_speed_multiplier = 2.0
wobble_damping = 0.98

[node name="Enemy49" parent="Main/enemies" instance=ExtResource("10_aeud2")]
transform = Transform3D(-0.428352, 0, -0.903612, 0, 1, 0, 0.903612, 0, -0.428352, 52.3434, 1.322, 31.1549)
axis_lock_linear_y = true
death_effect_scene = null
death_effect_duration = 2.0
berserk_chance = 0.25
berserk_speed_multiplier = 2.0
wobble_damping = 0.98

[node name="Enemy50" parent="Main/enemies" instance=ExtResource("10_aeud2")]
transform = Transform3D(-0.428352, 0, -0.903612, 0, 1, 0, 0.903612, 0, -0.428352, 65.3617, 1.322, 42.9395)
axis_lock_linear_y = true
death_effect_scene = null
death_effect_duration = 2.0
berserk_chance = 0.25
berserk_speed_multiplier = 2.0
wobble_damping = 0.98

[node name="Enemy51" parent="Main/enemies" instance=ExtResource("10_aeud2")]
transform = Transform3D(-0.428352, 0, -0.903612, 0, 1, 0, 0.903612, 0, -0.428352, 56.3656, 1.322, 56.1632)
axis_lock_linear_y = true
death_effect_scene = null
death_effect_duration = 2.0
berserk_chance = 0.25
berserk_speed_multiplier = 2.0
wobble_damping = 0.98

[node name="Environment" type="Node3D" parent="."]

[node name="FloorStatic" type="StaticBody3D" parent="Environment" groups=["nav"]]
collision_layer = 4
collision_mask = 27
input_ray_pickable = false
axis_lock_linear_x = true
axis_lock_linear_y = true
axis_lock_linear_z = true
physics_material_override = SubResource("PhysicsMaterial_w3p0d")

[node name="CollisionPolygon3D" type="CollisionShape3D" parent="Environment/FloorStatic" groups=["nav"]]
transform = Transform3D(1, 0, 0, 0, 1, 0, 0, 0, 1, 0, -5, 0)
shape = SubResource("BoxShape3D_ytlyv")

[node name="NavigationRegion3D" type="NavigationRegion3D" parent="Environment"]
navigation_mesh = SubResource("NavigationMesh_flfm5")

[node name="FloorMesh" type="MeshInstance3D" parent="Environment" groups=["nav"]]
transform = Transform3D(1, 0, 0, 0, 1, 0, 0, 0, 1, -0.0597019, 0.140897, 0.0823631)
material_override = ExtResource("11_xwy4t")
mesh = SubResource("PlaneMesh_caqoe")
skeleton = NodePath("../../../../../../../../../../../../../../../../../../../../../../Node3D/FloorStatic")

[node name="MainHUD" type="Control" parent="."]
layout_mode = 3
anchors_preset = 15
anchor_right = 1.0
anchor_bottom = 1.0
grow_horizontal = 2
grow_vertical = 2
size_flags_horizontal = 3
size_flags_vertical = 3
metadata/_edit_use_anchors_ = true

[node name="PanelCtrl" type="Control" parent="MainHUD"]
layout_mode = 1
anchors_preset = 1
anchor_left = 1.0
anchor_right = 1.0
offset_left = -458.0
offset_bottom = 180.0
grow_horizontal = 0

[node name="Panel" type="Panel" parent="MainHUD/PanelCtrl"]
layout_mode = 1
anchors_preset = 1
anchor_left = 1.0
anchor_right = 1.0
offset_left = -162.841
offset_top = 59.7037
offset_right = 36.1586
offset_bottom = 136.704
grow_horizontal = 0
rotation = -0.204204
scale = Vector2(0.891339, 0.789322)
theme_override_styles/panel = SubResource("StyleBoxFlat_feyws")

[node name="Based" type="Label" parent="MainHUD/PanelCtrl"]
light_mask = 0
material = SubResource("CanvasItemMaterial_7s0d6")
layout_direction = 1
layout_mode = 1
anchors_preset = 1
anchor_left = 1.0
anchor_right = 1.0
offset_left = -123.592
offset_top = 95.8622
offset_right = 86.4077
offset_bottom = 180.862
grow_horizontal = 0
rotation = -0.151205
scale = Vector2(0.362416, 0.362416)
size_flags_vertical = 0
theme_override_constants/shadow_outline_size = 5
text = "PiLLeD!"
label_settings = SubResource("LabelSettings_vkafs")
horizontal_alignment = 1
vertical_alignment = 1
justification_flags = 1

[node name="LabelKills" type="Label" parent="MainHUD/PanelCtrl"]
z_as_relative = false
texture_filter = 2
texture_repeat = 1
layout_mode = 1
anchors_preset = 1
anchor_left = 1.0
anchor_right = 1.0
offset_left = -172.319
offset_top = 14.2952
offset_right = 38.6812
offset_bottom = 161.139
grow_horizontal = 0
rotation = 0.0168936
scale = Vector2(0.585275, 0.585275)
size_flags_horizontal = 8
size_flags_vertical = 0
localize_numeral_system = false
text = "367"
label_settings = SubResource("LabelSettings_uetrx")
horizontal_alignment = 1
script = ExtResource("13_aid0c")

[node name="ControllerCanvas" type="CanvasLayer" parent="MainHUD" groups=["thumbstick"]]

[node name="MovementJoystick" parent="MainHUD/ControllerCanvas" groups=["thumbstick"] instance=ExtResource("14_wgw40")]
anchors_preset = -1
anchor_top = 0.236364
grow_horizontal = 1
grow_vertical = 0
_mode = "Follow"
follow_radius_tolerance = 10.0
deadzone_radius_percentage = 0.4
inverse_output = true
_base_color = Color(1, 1, 1, 0.513726)
_normal_bg_tint = Color(1, 1, 1, 0.372549)
_normal_handle_tint = Color(1, 1, 1, 0.513726)
_pressed_bg_tint = Color(1, 1, 1, 0.32549)
_pressed_handle_tint = Color(0.329412, 0.709804, 0.909804, 0.658824)
_disabled_bg_tint = Color(0.6, 0.6, 0.6, 0)
_disabled_handle_tint = Color(0.6, 0.6, 0.6, 0)
_on_trigger_method_name = "_on_trigger"
_on_pressed_method_name = "_on_pressed"
_on_released_method_name = "_on_released"
metadata/_edit_use_anchors_ = true

[node name="FormationManager" type="Node3D" parent="."]
transform = Transform3D(1, 0, 0, 0, 1, 0, 0, 0, 1, 0, 2, 0)
